
2	700		2.308	2.452	2.326	2.245	2.187	2.185	2.215	2.300	2.195	2.184	2.327	2.403	2.245	2.197	2.188	
2	900		3.492	3.488	3.869	3.492	3.578	3.767	3.458	3.379	4.091	3.533	3.642	3.455	3.644	3.718	3.609	
2	1100	10.163	9.795	10.002	9.920	9.854	10.153	9.678	9.901	10.148	9.908	10.685	10.403	9.686	10.125	9.984	
2	1400	18.392	18.290	19.498	19.837	19.521	21.629	21.435	20.555	20.556	21.284	18.249	19.137	19.556	21.225	24.434	
4	700		1.174	1.192	1.125	1.091	1.165	1.142	1.121	1.200	1.170	1.161	1.128	1.122	1.104	1.149	1.237	
4	900		2.296	2.038	2.196	1.953	2.386	1.793	1.853	1.740	1.894	1.835	1.928	1.758	1.820	2.228	1.901	
4	1100	4.833	4.978	4.970	5.060	4.870	5.133	4.942	4.896	5.068	5.063	4.928	5.024	5.117	4.946	4.956	
4	1400	9.188	9.473	9.579	9.705	10.488	10.078	9.474	9.310	9.104	10.163	9.518	9.321	9.387	9.574	9.517	
8	700		0.711	0.671	0.605	0.621	0.634	0.604	0.571	0.594	0.579	0.672	0.585	0.620	0.590	0.608	0.647	
8	900		1.124	1.148	1.040	1.290	1.113	0.918	0.978	0.948	0.940	0.963	0.952	0.968	0.986	0.901	0.960	
8	1100	2.791	2.629	2.722	2.829	2.763	2.686	2.961	2.626	2.745	2.885	2.775	2.771	3.188	2.909	2.553	
8	1400	5.021	5.098	5.430	4.850	4.770	6.021	4.900	5.206	5.156	5.550	5.647	5.291	4.750	5.255	5.884	
15	700		0.515	0.456	0.516	0.509	0.520	0.513	0.484	0.539	0.528	0.502	0.485	0.562	0.511	0.503	0.518	
15	900		0.791	0.741	0.790	0.861	0.797	0.822	0.797	0.833	0.780	0.822	0.815	0.846	0.764	0.764	0.892	
15	1100	2.780	2.688	1.988	2.024	2.084	2.036	1.976	2.063	1.959	2.074	2.091	2.032	2.073	2.152	2.004	
15	1400	4.246	3.664	3.861	3.862	3.962	3.857	3.783	3.952	4.065	3.896	3.590	3.718	4.310	3.819	3.776	
30	700		0.477	0.459	0.458	0.463	0.478	0.436	0.450	0.446	0.434	0.429	0.453	0.411	0.417	0.453	0.469	
30	900		0.723	0.729	0.822	0.770	0.777	0.831	0.745	0.770	0.781	0.753	0.739	0.726	0.754	0.732	0.767	
30	1100	1.790	1.712	1.891	1.830	1.773	1.729	1.818	1.868	1.896	1.824	1.829	1.855	1.882	1.701	1.893	
30	1400	3.636	3.576	3.639	3.561	3.488	3.706	3.676	3.453	3.473	3.620	3.619	3.719	3.751	3.718	3.442